*IDN? Returned 31 bytes: CMT, C1209, 00000001, 24.3.4/1


           Frequency                 Real                 Imag                 Loss
       100000.000000             1.000596            -0.001885            -0.005188
     45099500.000000             0.998579            -0.054122            -0.000389
     90099000.000000             0.994385            -0.106777            -0.000880
    135098500.000000             0.987549            -0.159180            -0.002564
    180098000.000000             0.977782            -0.211164            -0.002813
    225097500.000000             0.965433            -0.262345            -0.003844
    270097000.000000             0.950639            -0.312765            -0.006667
    315096500.000000             0.933111            -0.362111            -0.007899
    360096000.000000             0.913175            -0.410419            -0.010116
    405095500.000000             0.890584            -0.457634            -0.011143
    450095000.000000             0.865503            -0.503689            -0.012134
    495094500.000000             0.837850            -0.548963            -0.014537
    540094000.000000             0.807389            -0.593081            -0.015703
    585093500.000000             0.774322            -0.636039            -0.017857
    630093000.000000             0.738946            -0.677375            -0.021133
    675092500.000000             0.701417            -0.716696            -0.024418
    720092000.000000             0.661685            -0.753975            -0.027295
    765091500.000000             0.619657            -0.789294            -0.030119
    810091000.000000             0.575051            -0.822426            -0.030590
    855090500.000000             0.528363            -0.853443            -0.032594
    900090000.000000             0.479727            -0.881938            -0.034398
    945089500.000000             0.429290            -0.907748            -0.035878
    990089000.000000             0.377591            -0.930848            -0.039136
   1035088500.000000             0.324347            -0.950954            -0.041122
   1080088000.000000             0.269774            -0.968280            -0.044689
   1125087500.000000             0.214095            -0.982442            -0.047633
   1170087000.000000             0.157624            -0.993265            -0.049318
   1215086500.000000             0.100732            -1.000890            -0.051499
   1260086000.000000             0.043678            -1.005210            -0.053330
   1305085500.000000            -0.013922            -1.006322            -0.055572
   1350085000.000000            -0.071984            -1.004004            -0.056977
   1395084500.000000            -0.130652            -0.997941            -0.055903
   1440084000.000000            -0.189627            -0.988533            -0.056759
   1485083500.000000            -0.248720            -0.975509            -0.058148
   1530083000.000000            -0.306795            -0.958927            -0.058936
   1575082500.000000            -0.363905            -0.938920            -0.060365
   1620082000.000000            -0.419864            -0.915297            -0.060616
   1665081500.000000            -0.474928            -0.887914            -0.060159
   1710081000.000000            -0.528930            -0.856546            -0.057972
   1755080500.000000            -0.581720            -0.821322            -0.055957
   1800080000.000000            -0.632876            -0.782623            -0.056222
   1845079500.000000            -0.681726            -0.740194            -0.054540
   1890079000.000000            -0.727895            -0.694166            -0.050508
   1935078500.000000            -0.771294            -0.644767            -0.045878
   1980078000.000000            -0.811849            -0.591971            -0.041186
   2025077500.000000            -0.849458            -0.536001            -0.038381
   2070077000.000000            -0.883600            -0.476997            -0.035791
   2115076500.000000            -0.913862            -0.414986            -0.031833
   2160076000.000000            -0.939711            -0.350257            -0.024840
   2205075500.000000            -0.961196            -0.283035            -0.017362
   2250075000.000000            -0.978222            -0.213745            -0.011299
   2295074500.000000            -0.990520            -0.142111            -0.005750
   2340074000.000000            -0.997449            -0.068251             0.001896
   2385073500.000000            -0.998889             0.007492             0.009413
   2430073000.000000            -0.994208             0.084323             0.019328
   2475072500.000000            -0.983364             0.161670             0.029883
   2520072000.000000            -0.966144             0.239304             0.040574
   2565071500.000000            -0.942121             0.317620             0.050342
   2610071000.000000            -0.910923             0.395509             0.060313
   2655070500.000000            -0.871589             0.473071             0.072420
   2700070000.000000            -0.823733             0.549801             0.084119
   2745069500.000000            -0.766682             0.624542             0.097256
   2790069000.000000            -0.699796             0.696361             0.111588
   2835068500.000000            -0.621982             0.764675             0.125172
   2880068000.000000            -0.531202             0.828225             0.140650
   2925067500.000000            -0.424776             0.885372             0.157798
   2970067000.000000            -0.297906             0.933130             0.179640
   3015066500.000000            -0.141340             0.965083             0.216542
   3060066000.000000             0.067654             0.960746             0.326346
   3105065500.000000             0.366624             0.806827             1.049183
   3150065000.000000             0.229690             0.307562             8.316447
   3195064500.000000             0.080876             0.528211             5.443217
   3240064000.000000             0.231030             0.492085             5.294096
   3285063500.000000             0.242287             0.323115             7.875304
   3330063000.000000             0.110311             0.249404            11.285973
   3375062500.000000             0.027487             0.323322             9.776016
   3420062000.000000             0.059399             0.405083             7.756737
   3465061500.000000             0.138874             0.426402             6.965785
   3510061000.000000             0.213297             0.398302             6.900722
   3555060500.000000             0.268789             0.344568             7.190242
   3600060000.000000             0.305073             0.277075             7.699606
   3645059500.000000             0.320414             0.198868             8.470602
   3690059000.000000             0.305206             0.118539             9.697958
   3735058500.000000             0.261618             0.055295            11.456859
   3780058000.000000             0.201786             0.021794            13.851814
   3825057500.000000             0.146658             0.024102            16.558130
   3870057000.000000             0.119324             0.047326            17.830955
   3915056500.000000             0.123460             0.065472            17.093208
   3960056000.000000             0.143519             0.060040            16.161398
   4005055500.000000             0.154984             0.028877            16.046060
   4050055000.000000             0.140108            -0.012597            17.035789
   4095054500.000000             0.097229            -0.042060            19.499119
   4140054000.000000             0.041818            -0.040210            24.729412
   4185053500.000000             0.001215            -0.004463            46.697024
   4230053000.000000            -0.003978             0.046474            26.624000
   4275052500.000000             0.027144             0.084892            20.999924
   4320052000.000000             0.076820             0.088559            18.618853
   4365051500.000000             0.114992             0.054208            17.915121
   4410051000.000000             0.118048             0.001257            18.558313
   4455050500.000000             0.080479            -0.039420            20.952368
   4500050000.000000             0.023059            -0.039442            26.804011
   4545049500.000000            -0.014402             0.006595            36.004882
   4590049000.000000             0.001670             0.071618            22.897183
   4635048500.000000             0.074447             0.109187            17.578565
   4680048000.000000             0.168503             0.082453            14.535574
   4725047500.000000             0.232204            -0.010273            12.674111
   4770047000.000000             0.225461            -0.134179            11.621805
   4815046500.000000             0.143296            -0.232240            11.280244
   4860046000.000000             0.023941            -0.255951            11.799047
   4905045500.000000            -0.064537            -0.198142            13.622561
   4950045000.000000            -0.064565            -0.110149            17.877740
   4995044500.000000             0.025779            -0.082875            21.230392
   5040044000.000000             0.115575            -0.186905            13.161331
   5085043500.000000             0.078951            -0.376290             8.302444
   5130043000.000000            -0.116118            -0.514256             5.560457
   5175042500.000000            -0.377233            -0.491310             4.160192
   5220042000.000000            -0.579316            -0.319028             3.591360
   5265041500.000000            -0.650146            -0.046150             3.717950
   5310041000.000000            -0.513362             0.235342             4.963097
   5355040500.000000            -0.130360             0.321563             9.193861
   5400040000.000000             0.148984            -0.110958            14.620810
   5445039500.000000            -0.257362            -0.494511             5.075530
   5490039000.000000            -0.670964            -0.301168             2.668872
   5535038500.000000            -0.713737             0.093303             2.855644
   5580038000.000000            -0.107392             0.037944            18.869648
   5625037500.000000            -0.880812            -0.272926             0.704184
   5670037000.000000            -0.977140             0.150181             0.099467
   5715036500.000000            -0.912271             0.390819             0.065733
   5760036000.000000            -0.821482             0.552616             0.086775
   5805035500.000000            -0.723928             0.670817             0.114108
   5850035000.000000            -0.624847             0.759725             0.142971
   5895034500.000000            -0.526844             0.827227             0.168842
   5940034000.000000            -0.430845             0.877981             0.193249
   5985033500.000000            -0.336846             0.915433             0.215989
   6030033000.000000            -0.245801             0.941608             0.236298
   6075032500.000000            -0.157964             0.958141             0.254945
   6120032000.000000            -0.073650             0.966365             0.272021
   6165031500.000000             0.008420             0.967609             0.285677
   6210031000.000000             0.085969             0.962155             0.300561
   6255030500.000000             0.160767             0.951070             0.313397
   6300030000.000000             0.232744             0.934811             0.324322
   6345029500.000000             0.301767             0.913943             0.332221
   6390029000.000000             0.367863             0.888985             0.335683
   6435028500.000000             0.427923             0.860787             0.342937
   6480028000.000000             0.485437             0.829012             0.348404
   6525027500.000000             0.539636             0.794209             0.352805
   6570027000.000000             0.590739             0.756488             0.356240
   6615026500.000000             0.638803             0.716046             0.358385
   6660026000.000000             0.683680             0.673081             0.359965
   6705025500.000000             0.725327             0.628009             0.359790
   6750025000.000000             0.763338             0.581388             0.358834
   6795024500.000000             0.797710             0.533646             0.356838
   6840024000.000000             0.828589             0.485011             0.353655
   6885023500.000000             0.856150             0.435575             0.349312
   6930023000.000000             0.880622             0.385326             0.343413
   6975022500.000000             0.901931             0.334351             0.337310
   7020022000.000000             0.920236             0.282170             0.331764
   7065021500.000000             0.935704             0.229188             0.324198
   7110021000.000000             0.948345             0.175344             0.314683
   7155020500.000000             0.958162             0.121082             0.302419
   7200020000.000000             0.965044             0.066599             0.288426
   7245019500.000000             0.968842             0.012360             0.274230
   7290019000.000000             0.969741            -0.041377             0.258987
   7335018500.000000             0.967698            -0.094595             0.243903
   7380018000.000000             0.962770            -0.147074             0.229368
   7425017500.000000             0.955204            -0.199088             0.213403
   7470017000.000000             0.944895            -0.250624             0.197062
   7515016500.000000             0.931832            -0.301729             0.180223
   7560016000.000000             0.916002            -0.352353             0.162779
   7605015500.000000             0.897601            -0.401931             0.144675
   7650015000.000000             0.876763            -0.450331             0.125521
   7695014500.000000             0.853728            -0.497105             0.105664
   7740014000.000000             0.828210            -0.542583             0.086284
   7785013500.000000             0.800414            -0.586900             0.065138
   7830013000.000000             0.769707            -0.630142             0.045721
   7875012500.000000             0.736197            -0.672354             0.025930
   7920012000.000000             0.700162            -0.712986             0.006187
   7965011500.000000             0.662325            -0.751774            -0.016634
   8010011000.000000             0.622808            -0.788229            -0.039750
   8055010500.000000             0.581369            -0.822608            -0.063266
   8100010000.000000             0.537844            -0.854793            -0.085773
   8145009500.000000             0.492160            -0.884789            -0.107544
   8190009000.000000             0.444198            -0.912561            -0.128708
   8235008500.000000             0.394442            -0.938031            -0.151444
   8280008000.000000             0.343354            -0.960819            -0.174774
   8325007500.000000             0.291251            -0.980680            -0.197640
   8370007000.000000             0.238226            -0.997679            -0.220629
   8415006500.000000             0.184082            -1.011623            -0.241850
   8460006000.000000             0.128682            -1.022560            -0.262011
   8505005500.000000             0.072162            -1.030420            -0.281531
   8550005000.000000             0.014518            -1.035312            -0.302279
   8595004500.000000            -0.048111            -1.037864            -0.332129
   8640004000.000000            -0.107317            -1.035941            -0.353063
   8685003500.000000            -0.166013            -1.030590            -0.372978
   8730003000.000000            -0.224037            -1.021760            -0.390916
   8775002500.000000            -0.281692            -1.009463            -0.407473
   8820002000.000000            -0.339389            -0.993593            -0.423436
   8865001500.000000            -0.396435            -0.974455            -0.440389
   8910001000.000000            -0.453058            -0.951501            -0.455642
   8955000500.000000            -0.508845            -0.924738            -0.469105
   9000000000.000000            -0.563241            -0.894356            -0.480972

Time taken: 3316246 ms
Press ENTER to close...